Week #51                            STOCK 3381 JL OVERTIME THUR. 12/27/18 5PM-3:30AM                                                    12:52 AM
12/10/18 - 12/16/18                                                                                                                   12/20/2018

Num   Dept. Shift Adj Sen    Seq.       Last Name      First Name   Team     C-ID  27TH Mon   Tue Wed Thu   Fri   Sat    Sun    Old Hrs   New Hrs
  1   3381   2    08/22/13    126    DUNLAP         ROBYN            301   1449461   1  1.3    2   2   2     1     10     8     1668.10   1711.55
  2   3381   2    06/27/85    36     WALTERS        KEN              301    282406   1   1     2  2.9  2    1.5    10     14    1675.50   1732.60
  3   3381   2    11/30/12    59     NEARHOOD       RYAN             301   1406336   1   1     2   2   2     1     10     14    1679.20   1734.20
  4   3381   2    07/24/13    101    GRIMES         ROBERT           301   1446862   1   1     2   2   2     1     10     14    1689.05   1744.05
  5   3381   2    07/24/13    11     WULFF          MIKE             301   1446954   1   1     3   3   2     1     10     14    1698.80   1756.80
  6   3381   2    06/03/85    31     BEAVERS        SHARYLL          301    281048   1   1    3.9 2.9 2.9   2.4   11.4    10    1762.20   1818.95
  7   3381   2    10/16/13     6     MCCABE II      DAVID            301   1454735   1   1     2   2   2     1     10     10    2008.85   2055.85
  8   3381   2    08/14/13    114    KUDER          BRYAN            301   1449523   1   1     2   2   2     1     10     10    2032.05   2079.05
  9   3381   2    05/08/00    11     BEST           TERRI            301   1102485   1   1     2   2   2     1     10     10    2038.50   2085.50
 10   3381   2    07/10/13    94     MARTIN         THEO             301   1445572   1  3.4    3   3  4.2   4.2    11     10    2029.15   2092.35
 11   3381   2    08/14/13    81     LEWIS          NICO             301   1449526   1   1     2  2.9  2     1     10     10    2063.75   2112.10
 12   3381   2    07/24/13    16     ATKIN          CURT             301   1446796   1   3     4   4   4     1     10     14    2060.70   2127.70
 13   3381   2    10/04/00     4     AVELAR         ROBERTO          301    679180   1  1.3    2   2   2     1     10     10    2104.40   2151.85
 14   3381   2    02/11/85     6     SCOTT          DEBBIE           301    276961   1   1    3.7 3.7  3    2.5   12.3    8     2177.20   2232.50
 15   3381   2    08/07/13    180    SMITH          GEORGE           301   1448834   1   1     2   2   2    2.5    10     10    2691.85   2741.10
 16   3381   2    11/18/93     2     KLINEPETER     DAVID            302    830026   1   1     2  2.3  2     1     10     14    1715.30   1770.75
 17   3381   2    05/04/15    15     YARNBOON       STEVE            302   1468850   1   1     2   2   2    2.4   11.4    10    1725.00   1776.20
 18   3381   2    10/23/17    203    KELLY          CASSANDRA        302   1501197   1   1     3  3.3  3     2     11     14    1766.45   1829.40
 19   3381   2    05/05/14     1     SNEAD JR       JEFFREY          302   1460464   1   2    3.5  4  4.2   3.2   11.9   16.5   1858.20   1934.40
 20   3381   2    12/01/14    46     ANDERSON       ALAN             302   1465661   1  3.1   2.9 2.9 2.9    1    11.9   10.9   1907.45   1966.30
 21   3381   2    04/07/14     7     OSBURN         SUZANNE          302   1460448   1   1     2   2   2     1     10     10    1944.50   1991.50
 22   3381   2    01/15/18    19     COLLINS        ROBERT           302   1555745   1   1     2   2   2     2     10     10    2030.40   2078.90
 23   3381   2    07/31/13    52     BEST           JOE              302   1447776   1   1     2   2   2     2     10     10    2041.35   2089.85
 24   3381   2    02/26/18    69     TYRONCE        SHAKIA           302   1559773   1   1    3.3  2  2.5   2.3    10     10    2284.35   2336.00
 25   3381   2    07/23/18    34     HAMILTON       LONNIE           302   1559706   1   1     2   2   2     1     10    13.1   2579.30   2632.50
 26   3381   2    07/23/18    106    DAVIS          BENJAMIN         302   1625564   1   2     2   2   2    2.5    10     10    2621.35   2672.10
 27   3381   2    04/20/15     6     MINTER         DEMARCO          302   1467812   1   1     2   2   2     1     10     10    2740.55   2787.55
 28   3381   2    04/20/15     5     ELLERSON       CHRISTOPHER      303   1467788   1   1     2  2.5  2     1     10     14    1688.50   1744.25
 29   3381   2    10/23/17    213    BERMAN         STEPHANIE        303   1498029   1   1     2   2   2     1     10     14    1689.55   1744.55
 30   3381   2    08/21/13    25     EDWARDS        BRIAN            303   1450078   1   2     2   2   2    1.5    10     14    1687.75   1745.00
 31   3381   2    05/07/13     3     COX            DESIREE          303   1438504   1   1     2   2   2     1    10.6    14    1689.85   1745.75
 32   3381   2    07/25/16    23     SHULAR JR.     TIMOTHY          303   1476306   1  1.9   2.9  2   2     1     10     14    1704.50   1762.20
 33   3381   2    05/29/13    15     OATES          SANDRA           303   1441134   1   1     2  2.8  2     1     10     14    1718.20   1774.40
 34   3381   2    08/07/13    178    KING           TRAVIS           303   1207509   1  1.3   2.3 2.3 2.4   2.3   10.3    14    1716.95   1776.30
 35   3381   2    08/07/13    68     HIBBS          TREVOR           303   1448746   1   1     2   2   2     1     10     10    1846.80   1893.80
 36   3381   2    03/07/13    46     SHERMAN        RALONDA          303   1433862   1   1     3  3.9  2     1     10     14    1838.70   1898.05
 37   3381   2    06/12/13    32     CRAGWAY        NATE             303   1442806   1   2     3   3  3.2    2    11.6    10    1936.30   1993.50
 38   3381   2    06/25/13    17     BEEHNER        JEFF             303   1443491   1   1     2   2   2     1     10     10    2063.70   2110.70
 39   3381   2    07/24/13    61     WRIGHT II      ERIC             304   1446953   1   1     2   2   2     1     10     8     1677.15   1720.15
 40   3381   2    05/07/84     9     JAQUEZ         JESSE            304    283729   1   1     2   2   2     1     10     14    1676.85   1731.85
 41   3381   2    08/07/13    38     MACKIE         BRIAN            304   1448780   1   1    3.4 3.4 3.9   4.4   12.6    8     1677.90   1736.95
 42   3381   2    07/17/13    46     JOHNSON        JEFFERY          304   1446286   1   1     2   2   2     1     10     14    1682.65   1737.65
 43   3381   2    10/07/83     7     GARCIA         JOHN             304    276798   1   1     2   2   2     2     10     14    1689.55   1746.05
 44   3381   2    08/07/13    53     JONES          JAWANN           304   1448764   1   1     2   2   2     1     10     14    1705.15   1760.15
 45   3381   2    08/14/13    68     LOWE           MARK             304   1449528   1   2     3   3   2     3     10     14    1708.60   1771.10
 46   3381   2    10/16/13    13     DIBLE          STEVEN           304   1454695   1   1     2   2   2     2     10     14    1715.35   1771.85
 47   3381   2    06/25/13     3     MALLORY        MORGAN           304   1443567   1   1     2   2   2     1     10     10    1740.40   1787.40
 48   3381   2    08/14/13    136    FRAZIER        CATHERINE        304   1449476   1  3.9   4.8 4.8 4.8   4.8   12.8    15    1753.25   1837.10
 49   3381   2    07/24/13     3     JONES          ELIJAH           304   1446882   1   2     3   3   3     3     10     10    1999.50   2055.50
 50   3381   2    07/10/13    86     MAURICE        CRAIG            304   1445573   1   1     2   3   3    2.8    11     10    2277.20   2331.40
 51   3381   2    09/07/83     4     MARCINIAK      JOHN             304    279191   1   2    3.9 4.4 3.9   3.9   12.3    10    2278.85   2344.45
 52   3381   2    06/12/00    20     RUFFIN         RICHARD          304   1136945   1   3     4   2   3     3     11     20    2403.30   2482.30
 53   3381   2    05/12/14    17     STURDIVANT     EDWIN            305   1462210   1   2     2   2   2     2     10     10    1963.25   2013.25
 54   3381   2    02/17/14    10     JOHNSON        MARCUS           305   1448520   1   2     2   2   2     2     10     10    1965.75   2015.75
 55   3381   2    06/17/15     5     HANNAH         STEPHEN          305   1476295   1   2     2   2  2.5    2     10     10    1994.35   2045.10
 56   3381   2    10/23/17    292    WARD           RIANNA           305   1543316   1   2     2   2   2     2     10     10    2018.90   2068.90
 57   3381   2    08/24/15     1     GREENE         TYRONE           305   1471949   1   2     2   2   2     2     10     10    2091.80   2141.80
 58   3381   2    12/18/17     1     PIERRE         DARREN           305   1556462   1   2     2   2   2     2     10    12.6   2139.65   2194.85
 59   3381   2    12/18/17    10     COBB JR.       LLOYD            305   1481650   1   2     2   2   2     2     10     10    2188.30   2238.30
 60   3381   2    06/17/15    19     PERDUM         VA'KHARRI        305   1472098   1   2     2   2   2     2     10     10    2227.65   2277.65
 61   3381   2    10/23/17    263    DAHLKE         JOHN             305   1555749   1   2     2   2   2     2     10     10    2322.10   2372.10
 62   3381   2    03/05/18    19     KEIVENS        JOSH             305   1622866   1   2     2   2   2     2     10     10    2451.15   2501.15
 63   3381   2    07/23/18    29     ARREGUIN       BRANDON          305   1625547   1   2     2   2   2     2     10     10    2562.00   2612.00
 64   3381   2    07/23/18    81     BERMEJO        MATEO            305   1668555   1   2     2   2   2     2     10     10    2577.50   2627.50
 65   3381   2    07/23/18    111    CAVANAUGH      LEAHANN          305   1498033   1   2     2   2   2     2     10     10    2577.50   2627.50
 66   3381   2    07/23/18    119    MONROE         ROBERT           305   1666720   1   2     4   2   2     2     10     10    2600.65   2653.65
 67   3381   2    07/24/13    56     FLOYD          FELICIA          305   1446852   1  3.7    4  4.5  3    4.2    11     10    2591.75   2657.35
 68   3381   2    03/30/01     2     WOOLEY         ROBERT           306   1155589   1   2     2   2   2     2     10     10    1747.70   1797.70
 69   3381   2    10/23/17    94     BRYANT         DEREK            306   1555734   1   2     2   2   2     2     10     20    1876.45   1946.45
 70   3381   2    06/24/85    19     OFFET          TANN             306    278995   1   2     2   2   2     2     10     10    1976.40   2026.40
 71   3381   2    02/24/14     7     NOEL           BIANCA           306   1448535   1   2     2   2   2     2     10     10    1989.50   2039.50
 72   3381   2    06/17/15    12     BAILEY         MICHAEL          306   1476279   1   2     2   2   2     2     10     10    1991.25   2041.25
 73   3381   2    04/20/15    13     BUTLER         VINCENT          306   1467781   1   2     2   2   2     2     10     10    2019.85   2069.85
 74   3381   2    05/04/15    10     TURNER         DANIELLE         306   1468840   1   4     4   2   2     2     10     10    2015.70   2071.70
 75   3381   2    03/30/15    26     HATCHER        SHAMEL           306   1467044   1   4     2   4   2     2     10     10    2029.25   2085.25
 76   3381   2    06/19/13    32     COOPER         DIMITRI          306   1443600   1   2     2   2   2     2     10     10    2049.60   2099.60
 77   3381   2    02/17/14     1     RUSAN          LANCE            306   1448542   1   2     2   2   2     2     10     10    2052.85   2102.85
 78   3381   2    03/09/15     1     RIEGER         JOSHUA           306   1467064   1   4     2   2   2    3.1    10     10    2049.95   2104.60
 79   3381   2    08/29/16    16     WILLIAMS       RASHAD           306   1481450   1   2     3   2   2     2     10     10    2062.90   2114.40
 80   3381   2    02/17/14     8     BLANGO-SMITH   LAQUAN           306   1448476   1   2     2   2   2     2     10    10.5   2071.95   2122.95
Week #51                           STOCK 3381 JL OVERTIME THUR. 12/27/18 5PM-3:30AM                                                    12:52 AM
12/10/18 - 12/16/18                                                                                                                  12/20/2018

  81   3381   2   10/23/17   224    FIELDS        AUDRIANNA    306   1481655   1    2     2     2     2     2     10     10    2349.35   2399.35
  82   3381   2   11/13/13   10     HILL          DAVID        306   1278121   1    2    5.5    2     4     2     10     10    2358.55   2416.80
  83   3381   2   05/11/15    8     BROKA         TERRY        306   1521446   1    2     2     2     2     2     11     10    2402.50   2454.00
  84   3381   2   10/16/13   15     BOOKER        RAYVALE      306   1454688   1    3     3    4.5    4     3     11     10    2409.10   2471.85
  85   3381   2   07/23/18   61     CORRON        MATTHEW      306   1666765   1    2     2     2     2     2     10     10    2577.50   2627.50
  86   3381   2   07/23/18   72     WRIGHT        JEFF         306   1666724   1    2     2     2     2     2     10     10    2577.50   2627.50
  87   3381   2   07/23/18   83     KELLEY        JASON        306   1625575   1    2     2    2.5    2     2     10     10    2578.40   2629.15
  88   3381   2   07/23/18   51     ROBINSON      BRANDEN      306   1668535   1    2     2     2     2     2     10     10    2587.40   2637.40
  89   3381   2   10/23/17   42     RAMIREZ       ROGER        307   1555836   1    2     2     2     2     2     10     10    1959.25   2009.25
  90   3381   2   12/18/17    9     JENKINS       RICHARD      307   1481433   1    2     2     2     2     2     10     10    1966.30   2016.30
  91   3381   2   04/07/14    5     SCHAFF        DARRELL      307   1460460   1    2     2     2     2     2     10     10    1975.55   2025.55
  92   3381   2   10/23/17   67     FULLER-HILL   TERRY        307   1453043   1    2     2     2     2     2     10     10    1976.35   2026.35
  93   3381   2   04/07/14    8     BURBEY        ANGELA       307   1460461   1    2     2     2     2     2     10     10    2007.80   2057.80
  94   3381   2   05/27/15    4     SPRADLIN      DUSTIN       307   1470379   1    2     2     2     2     2     10     10    2096.65   2146.65
  95   3381   2   12/18/17   20     HYMON         DELISA       307   1555792   1    2     2     2     2     2     10     10    2235.80   2285.80
  96   3381   2   12/18/17   19     MITCHELL      JOERINA      307   1555820   1    2     2     2     2     2     10     10    2245.30   2295.30
  97   3381   2   07/24/13   56     BODENMILLER   ROMAN        307   1446804   1    2     2     2     2     2     10     10    2260.90   2310.90
  98   3381   2   10/23/17   86     CANNON JR.    GREG         307   1543281   1    2     2     2     3     3     10     10    2398.55   2451.55
  99   3381   2   07/10/13   53     STOCKMAN      CHUCK        307   1445641   1    3     3    3.1    3     3     11     10    2403.60   2462.75
 100   3381   2   10/23/17   29     KELLY         JONATHON     308   1520898   1    2     2     2     2     2     10     10    1958.50   2008.50
 101   3381   2   07/25/16   20     WYSE          CAMISHA      308   1476316   1    2     2     2     2     2     10     10    1959.90   2009.90
 102   3381   2   05/27/15   15     RUCKER        KATARA       308   1470279   1    2     2     2     2     2     10     10    1966.60   2016.60
 103   3381   2   10/23/17   109    LEECH         ANDREW       308   1512310   1    2     2     2    2.5    2     10     10    1967.85   2018.60
 104   3381   2   10/23/17   143    PERKINS       JUANTONIO    308   1501202   1    2     2     2     2     2     10     10    1974.00   2024.00
 105   3381   2   12/01/14   14     REID          CHRISTIAN    308   1465669   1    2     2     2     2     2     10     10    1976.95   2026.95
 106   3381   2   10/23/17   190    WILLIAMS      DONALD       308   1555891   1    2     2     2     2     2     10     10    1985.15   2035.15
 107   3381   2   10/23/17   120    JOHNSON       ANGEL        308   1498046   1    2     2     2    2.5    2     10     10    1989.50   2040.25
 108   3381   2   10/23/17   295    FAGAN         MEGAN        308   1501190   1    2     2     2     2     2     10     10    1996.65   2046.65
 109   3381   2   10/23/17    9     RUSH          SHARRON      308   1497445   1    2     2     2    2.5    2    10.8    10    2006.20   2058.15
 110   3381   2   08/29/16   20     MACNEAR       ANTONIO      308   1480901   1    2     2     2     2     2    10.5    10    2023.25   2074.00
 111   3381   2   10/23/17   138    SYMINGTON     ROXANNE      308   1545298   1    2     2     2     2     2     10     10    2034.80   2084.80
 112   3381   2   10/23/17   16     CORY          SASHA        308   1545283   1    2     2     2     2     2     10     10    2036.90   2086.90
 113   3381   2   10/23/17   82     KLAEGE        KENNETH      308   1545315   1    3    3.3    2     3    2.5    10     10    2059.65   2115.35
 114   3381   2   02/19/18    3     WILCOX        DANIEL       308   1559778   1    2     2     2     2     2     10     10    2287.20   2337.20
 115   3381   2   05/12/14   15     KNIGHT        CURTIS       308   1460440   1    2     2     2     2     2     10     10    2292.50   2342.50
 116   3381   2   02/26/18   24     WILSON        ANDREW       308   1570661   1    2     2     2     2     2     10     10    2323.40   2373.40
 117   3381   2   07/23/18   60     HARDING JR    WILLIAM      308   1666748   1    2     2     2     2     2     10     10    2577.50   2627.50
 118   3381   2   07/23/18   18     GRABARCZYK    DAVID        308   1624355   1   2.5   2.5    3    2.5   2.5    11     10    2607.05   2663.05
 119   3381   2   03/13/13   45     HERNACKI      KERI         308   1434804   1    3     3     3     3     3     11     10    2640.80   2699.80
 120   3381   2   07/24/13   44     KUCZOWSKI     SARAH        309   1446893   1    2     2     2     2     2     10     10    1975.15   2025.15
 121   3381   2   10/23/17   149    McDONALD      MARK         309   1545321   1    2     2     2     2     2     10     10    1984.25   2034.25
 122   3381   2   07/10/13   77     TODOROFF      AMERICO      309   1445659   1    2     2     2     2     2     10     10    1990.20   2040.20
 123   3381   2   08/07/13   43     DARNELL II    DAVID        309   1448696   1   2.5    2     2     2     2     10     10    2008.65   2059.40
 124   3381   2   08/16/85    4     MONHOLLEN     JULIE        309    282502   1    2     2     2     2     2     10     10    2028.45   2078.45
 125   3381   2   07/24/13   115    GORDON        SOLLIE       309   1446859   1   2.5    2     2    2.5    2    10.5    10    2030.35   2082.60
 126   3381   2   08/29/16    3     GRAVES        TIFFANY      309   1480890   1    2     2     2     2     2     10     20    2022.45   2092.45
 127   3381   2   10/23/17   330    DYER          JACK         309   1498037   1    2     2     2     2     2     10     10    2043.25   2093.25
 128   3381   2   08/07/13    6     JEFFERS       CHRIS        309   1448758   1    2     2     2     2     2     10     10    2049.65   2099.65
 129   3381   2   10/23/17   10     WODARSKI      BETH         309   1545357   1   2.5    2     3    2.5    2    11.1    10    2165.00   2219.65
 130   3381   2   05/12/14    9     NAJI          FADI         309   1462178   1    2     2     2     2     2     10     10    2207.40   2257.40
 131   3381   2   05/18/15    7     SCAGGS        TRENTON      309   1522303   1    2    2.5    2    2.5    3     10     10    2262.85   2315.85
 132   3381   2   07/27/13   105    HITCHCOCK     DAVID        309   1446872   1    2     2     2     2     2     10     10    2266.95   2316.95
 133   3381   2   05/18/15    3     DIGGINS       JULIE        309   1539066   1    2     2     2     2     2     10     10    2268.60   2318.60
 134   3381   2   05/18/15    1     MCCOLLUM      MARVIN       309   1539105   1    2     2     2     2     2     10     10    2282.70   2332.70
 135   3381   2   07/23/18   87     WISNIEWSKI    NICHOLAS     309   1666741   1    2     2     2     2     2     10     10    2577.50   2627.50
 136   3381   2   07/23/18   54     MILES         ZACHERY      309   1666677   1    2     2     2     2     2     10     10    2579.60   2629.60
 137   3381   2   07/10/13   76     RAO           FRANK        309   1445611   1    3    3.5   3.5   3.5   3.5   11.6    10    2757.25   2820.15
 138   3381   2   10/23/17   25     SORENSON      JEREMY       310   1545341   1    2     2     2     2     2     10     10    1948.85   1998.85
 139   3381   2   12/01/14   37     PATTERSON     JASON        310   1464310   1    2     2     2     2     2     10     10    1953.60   2003.60
 140   3381   2   08/14/13   71     HUNT III      JAMES        310   1449515   1    2     2     2     2     2     10     10    1961.00   2011.00
 141   3381   2   10/23/17   288    NADOLNY       ZACHARY      310   1498049   1    2     2     2     2     2     10     10    1965.45   2015.45
 142   3381   2   12/01/14   42     WAHL JR.      TIMOTHY      310   1465673   1    2     2     2     2     2     10     10    1987.55   2037.55
 143   3381   2   10/23/17   184    STEPHENS      DORCAS       310   1555854   1    2     2     2     2     2     10     10    1989.80   2039.80
 144   3381   2   10/16/13   20     DAVIS         GREG         310   1454693   1    2    2.7   2.5    2     2     10     10    2023.10   2074.90
 145   3381   2   10/23/17   369    HERRON        ASHLEY       310   1545308   1    2     3     2     2     2    10.5    10    2026.70   2078.95
 146   3381   2   09/14/15    3     WAGANFEALD    EMMY         310   1472077   1    2     2     2     2     2     10     10    2037.60   2087.60
 147   3381   2   05/12/14   21     PASCH         TIMOTHY      310   1460449   1    2     2    2.5    2     2     10     10    2059.60   2110.35
 148   3381   2   08/19/85   17     THOMAS        DAVE         310    278531   1    2     2     2     2     2     10     10    2069.95   2119.95
 149   3381   2   10/23/17   26     WILLIAMS      BRANDALISE   310   1545351   1    2     2     2     2     2     10     10    2081.25   2131.25
 150   3381   2   10/23/17   32     BACKES        BRIAN        310   1554805   1   2.5    2    2.5   2.1   2.5    10     10    2104.15   2156.55
 151   3381   2   07/23/18   36     ROUSE         JOSEPH       310   1624406   1    2     2     2     2     2     10    10.9   2580.20   2632.00
 152   3381   2   07/23/18   76     HARMON        CALEB        310   1666688   1    2     2     2     2     2     10     10    2595.05   2645.05
 153   3381   2   10/23/17   344    AGEE JR       LONNIE       380   1500704   1    2     2     2     2     2     10     10    1945.60   1995.60
 154   3381   2   12/01/14   47     LOPEZ         MOLLY        380   1464309   1    2     2     2     2     2     10     10    1949.60   1999.60
 155   3381   2   07/24/13   103    MARS          TERRENCE     380   1446898   1    2     2     2     2     2     10     10    1960.10   2010.10
 156   3381   2   07/24/13   60     FIELDS JR     ROY          380   1446849   1    2     2     2     2     2     10     10    1964.15   2014.15
 157   3381   2   07/24/13   24     MORTEMORE     MATT         380   1446909   1    2     2     2     2     2     10     14    1970.55   2028.55
 158   3381   2   07/24/13   22     EDWARDS       JASON        380   1446839   1    2     2     2     2     2     10     14    1979.35   2037.35
 159   3381   2   10/23/17   20     JOHNSON II    JERRY        380   1545312   1    2     2     2     2     2     10     10    1990.55   2040.55
 160   3381   2   07/10/13   66     DAVIS         TRACEY       380   1445424   1    4     2     2     2     2     10     10    2046.15   2099.15
 161   3381   2   10/23/17   83     CREWS         JAMIE        380   1545291   1    4     2     2     2     2     10     10    2065.15   2118.15
Week #51                           STOCK 3381 JL OVERTIME THUR. 12/27/18 5PM-3:30AM                                             12:52 AM
12/10/18 - 12/16/18                                                                                                           12/20/2018

 162   3381   2   08/14/13   84     GRIFFIN    TAYLOR       380   1449493   1    2     2    2    2     2    10    10    2071.80   2121.80
 163   3381   2   08/14/13   119    DUTRIDGE   JUSTIN       380   1449462   1    2    3.5   4   2.3   2.2   12    10    2098.80   2157.80
 164   3381   2   05/27/15   39     DUNAHOO    JESSICA      380   1468778   1    2     2    2    2     2    10    20    2090.45   2160.45
 165   3381   2   10/16/13   50     NEAL       D'ANTE       380   1454740   1    2    3.5   4    2     2    10    14    2136.65   2199.90
 166   3381   2   07/24/13   45     COLEMAN    SHANEICE     380   1446823   1    2    3.5   4    3     3    12    10    2161.95   2223.20
 167   3381   2   02/19/18   12     DORAN      KRISTOPHER   380   1559688   1    2     2    2    2     2    10    10    2291.70   2341.70
 168   3381   2   08/07/13   94     BOYD       DANIELLE     380   1448646   1    4     4    4    3     3    10    16    2299.85   2373.85
 169   3381   2   10/16/13   22     FEDYNICH   DAVID        380   1454700   1   5.4    4    4   2.3   2.2   10   15.1   2553.60   2625.65
 170   3381   2   09/08/00    0     MOURAD     RAGAH        380    505004   1    3     3    3    3     3    11    10    2591.30   2650.30
