Week #1                               STOCK 3381 JL OVERTIME AFTERNOON SHIFT                                                   12:33 AM
12/24/18 - 12/30/18                                                                                                            1/4/2019

Num   Dept. Shift Adj Sen    Seq.      Last Name      First Name   Team     C-ID  Mon   Tue   Wed Thu   Fri   Sat   Sun   Old Hrs New Hrs
 1    3381   2    09/26/78      7   MILLER         HOWARD           305    276970  0     0     0   0     0     0     0     0.00     0.00
 2    3381   2    08/26/83      6   BARNES II      ROBERT           304    279720  0     0     0   0     0     0     0     0.00     0.00
 3    3381   2    09/07/83      4   MARCINIAK      JOHN             304    279191  0     0     0   0     0     0     0     0.00     0.00
 4    3381   2    10/07/83      7   GARCIA         JOHN             304    276798  0     0     0   0     0     0     0     0.00     0.00
 5    3381   2    05/07/84      9   JAQUEZ         JESSE            304    283729  0     0     0   0     0     0     0     0.00     0.00
 6    3381   2    05/14/84      0   ORTIZ          KEN              303    283858  0     0     0   0     0     0     0     0.00     0.00
 7    3381   2    02/11/85      6   SCOTT          DEBBIE           301    276961  0     0     0   0     0     0     0     0.00     0.00
 8    3381   2    06/03/85     31   BEAVERS        SHARYLL          301    281048  0     0     0   0     0     0     0     0.00     0.00
 9    3381   2    06/24/85     19   OFFET          TANN             306    278995  0     0     0   0     0     0     0     0.00     0.00
 10   3381   2    06/24/85    190   BUSH           ERIC             300    278416  0     0     0   0     0     0     0     0.00     0.00
 11   3381   2    06/27/85     36   WALTERS        KEN              301    282406  0     0     0   0     0     0     0     0.00     0.00
 12   3381   2    08/16/85      4   MONHOLLEN      JULIE            309    282502  0     0     0   0     0     0     0     0.00     0.00
 13   3381   2    08/19/85     17   THOMAS         DAVE             310    278531  0     0     0   0     0     0     0     0.00     0.00
 14   3381   2    09/17/93     13   FITCHPATRIC    JAMES            302    815432  0     0     0   0     0     0     0     0.00     0.00
 15   3381   2    11/18/93      2   KLINEPETER     DAVID            302    830026  0     0     0   0     0     0     0     0.00     0.00
 16   3381   2    05/01/97      3   JOYCE          JAN              303    953076  0     0     0   0     0     0     0     0.00     0.00
 17   3381   2    03/14/00      1   THOMPSON       GREG             303   1008168  0     0     0   0     0     0     0     0.00     0.00
 18   3381   2    05/08/00     11   BEST           TERRI            301   1102485  0     0     0   0     0     0     0     0.00     0.00
 19   3381   2    06/12/00     20   RUFFIN         RICHARD          304   1136945  0     0     0   0     0     0     0     0.00     0.00
 20   3381   2    09/08/00      0   MOURAD         RAGAH            380    505004  0     0     0   0     0     0     0     0.00     0.00
 21   3381   2    10/04/00      4   AVELAR         ROBERTO          301    679180  0     0     0   0     0     0     0     0.00     0.00
 22   3381   2    02/26/01      5   WALKER         DEANNA           302   1141975  0     0     0   0     0     0     0     0.00     0.00
 23   3381   2    03/30/01      2   WOOLEY         ROBERT           306   1155589  0     0     0   0     0     0     0     0.00     0.00
 24   3381   2    11/30/12     59   NEARHOOD       RYAN             301   1406336  0     0     0   0     0     0     0     0.00     0.00
 25   3381   2    03/07/13     23   ERDMANN        ANDREW           303   1433832  0     0     0   0     0     0     0     0.00     0.00
 26   3381   2    03/07/13     46   SHERMAN        RALONDA          303   1433862  0     0     0   0     0     0     0     0.00     0.00
 27   3381   2    03/07/13     51   RICKER         NATE             302   1433849  0     0     0   0     0     0     0     0.00     0.00
 28   3381   2    03/13/13     24   ERNEST         MATT             303   1434925  0     0     0   0     0     0     0     0.00     0.00
 29   3381   2    03/13/13     45   HERNACKI       KERI             308   1434804  0     0     0   0     0     0     0     0.00     0.00
 30   3381   2    04/24/13      2   DUDEK          ANGELA           305   1437903  0     0     0   0     0     0     0     0.00     0.00
 31   3381   2    05/07/13      3   COX            DESIREE          303   1438504  0     0     0   0     0     0     0     0.00     0.00
 32   3381   2    05/08/13     15   MONTGOMERY     JERON            302   1439255  0     0     0   0     0     0     0     0.00     0.00
 33   3381   2    05/21/13      8   WIMBERLY       JASON            305   1440149  0     0     0   0     0     0     0     0.00     0.00
 34   3381   2    05/29/13     15   OATES          SANDRA           303   1441134  0     0     0   0     0     0     0     0.00     0.00
 35   3381   2    06/12/13     32   CRAGWAY        NATE             303   1442806  0     0     0   0     0     0     0     0.00     0.00
 36   3381   2    06/12/13     42   RADDATZ        RYAN             304   1441139  0     0     0   0     0     0     0     0.00     0.00
 37   3381   2    06/19/13     32   COOPER         DIMITRI          306   1443600  0     0     0   0     0     0     0     0.00     0.00
 38   3381   2    06/25/13      3   MALLORY        MORGAN           304   1443567  0     0     0   0     0     0     0     0.00     0.00
 39   3381   2    06/25/13     17   BEEHNER        JEFF             303   1443491  0     0     0   0     0     0     0     0.00     0.00
 40   3381   2    07/10/13     29   LUSK II        MARCUS           310   1445568  0     0     0   0     0     0     0     0.00     0.00
 41   3381   2    07/10/13     53   STOCKMAN       CHUCK            307   1445641  0     0     0   0     0     0     0     0.00     0.00
 42   3381   2    07/10/13     66   DAVIS          TRACEY           380   1445424  0     0     0   0     0     0     0     0.00     0.00
 43   3381   2    07/10/13     76   RAO            FRANK            309   1445611  0     0     0   0     0     0     0     0.00     0.00
 44   3381   2    07/10/13     77   TODOROFF       AMERICO          309   1445659  0     0     0   0     0     0     0     0.00     0.00
 45   3381   2    07/10/13     86   MAURICE        CRAIG            304   1445573  0     0     0   0     0     0     0     0.00     0.00
 46   3381   2    07/10/13     94   MARTIN         THEO             301   1445572  0     0     0   0     0     0     0     0.00     0.00
 47   3381   2    07/17/13     46   JOHNSON        JEFFERY          304   1446286  0     0     0   0     0     0     0     0.00     0.00
 48   3881   2    07/17/13    131   LUPU           GARY             302   1446304  0     0     0   0     0     0     0     0.00     0.00
 49   3381   2    07/24/13      3   JONES          ELIJAH           304   1446882  0     0     0   0     0     0     0     0.00     0.00
 50   3381   2    07/24/13     10   CHILDS Sr.     RODNEY           308   1446817  0     0     0   0     0     0     0     0.00     0.00
 51   3381   2    07/24/13     11   WULFF          MIKE             301   1446954  0     0     0   0     0     0     0     0.00     0.00
 52   3381   2    07/24/13     16   ATKIN          CURT             301   1446796  0     0     0   0     0     0     0     0.00     0.00
 53   3381   2    07/24/13     22   EDWARDS        JASON            380   1446839  0     0     0   0     0     0     0     0.00     0.00
 54   3381   2    07/24/13     24   MORTEMORE      MATT             380   1446909  0     0     0   0     0     0     0     0.00     0.00
 55   3381   2    07/24/13     30   MCMULLEN       BRIAN            310   1446959  0     0     0   0     0     0     0     0.00     0.00
 56   3381   2    07/24/13     31   WESTRAY        KEN              301   1446949  0     0     0   0     0     0     0     0.00     0.00
 57   3381   2    07/24/13     37   JAKEWAY        AARON            304   1446880  0     0     0   0     0     0     0     0.00     0.00
 58   3381   2    07/24/13     39   FOSTER         BRIAN            308   1446856  0     0     0   0     0     0     0     0.00     0.00
 59   3381   2    07/24/13     40   CARPENTER      JERRY            301   1446814  0     0     0   0     0     0     0     0.00     0.00
 60   3381   2    07/24/13     44   KUCZOWSKI      SARAH            309   1446893  0     0     0   0     0     0     0     0.00     0.00
 61   3381   2    07/24/13     45   COLEMAN        SHANEICE         380   1446823  0     0     0   0     0     0     0     0.00     0.00
 62   3381   2    07/24/13     53   MARTIN         BRYAN            304   1446900  0     0     0   0     0     0     0     0.00     0.00
 63   3381   2    07/24/13     56   BODENMILLER    ROMAN            307   1446804  0     0     0   0     0     0     0     0.00     0.00
 64   3381   2    07/24/13     56   FLOYD          FELICIA          305   1446852  0     0     0   0     0     0     0     0.00     0.00
 65   3381   2    07/24/13     60   FIELDS JR      ROY              380   1446849  0     0     0   0     0     0     0     0.00     0.00
 66   3381   2    07/24/13     61   WRIGHT II      ERIC             304   1446953  0     0     0   0     0     0     0     0.00     0.00
 67   3381   2    07/24/13     70   DRAKE          DARREN           380   1446835  0     0     0   0     0     0     0     0.00     0.00
 68   3381   2    07/24/13     83   CRUM           DENNY            380   1446828  0     0     0   0     0     0     0     0.00     0.00
 69   3381   2    07/24/13    101   GRIMES         ROBERT           301   1446862  0     0     0   0     0     0     0     0.00     0.00
 70   3381   2    07/24/13    103   MARS           TERRENCE         380   1446898  0     0     0   0     0     0     0     0.00     0.00
 71   3381   2    07/24/13    115   GORDON         SOLLIE           309   1446859  0     0     0   0     0     0     0     0.00     0.00
 72   3381   2    07/27/13    105   HITCHCOCK      DAVID            309   1446872  0     0     0   0     0     0     0     0.00     0.00
 73   3381   2    07/31/13     52   BEST           JOE              302   1447776  0     0     0   0     0     0     0     0.00     0.00
 74   3381   2    08/07/13      6   JEFFERS        CHRIS            309   1448758  0     0     0   0     0     0     0     0.00     0.00
 75   3381   2    08/07/13     38   MACKIE         BRIAN            304   1448780  0     0     0   0     0     0     0     0.00     0.00
Week #1                              STOCK 3381 JL OVERTIME AFTERNOON SHIFT                                        12:33 AM
12/24/18 - 12/30/18                                                                                                1/4/2019

  76   3381   2   08/07/13    43   DARNELL II     DAVID         309   1448696   0   0   0   0   0   0   0   0.00      0.00
  77   3381   2   08/07/13    53   JONES          JAWANN        304   1448764   0   0   0   0   0   0   0   0.00      0.00
  78   3381   2   08/07/13    68   HIBBS          TREVOR        303   1448746   0   0   0   0   0   0   0   0.00      0.00
  79   3381   2   08/07/13    94   BOYD           DANIELLE      380   1448646   0   0   0   0   0   0   0   0.00      0.00
  80   3381   2   08/07/13   140   KLEVER         REBECCA       307   1448770   0   0   0   0   0   0   0   0.00      0.00
  81   3381   2   08/07/13   178   KING           TRAVIS        303   1207509   0   0   0   0   0   0   0   0.00      0.00
  82   3381   2   08/07/13   180   SMITH          GEORGE        301   1448834   0   0   0   0   0   0   0   0.00      0.00
  83   3381   2   08/14/13    14   HUNT           JASMINE       303   1449514   0   0   0   0   0   0   0   0.00      0.00
  84   3381   2   08/14/13    53   SARABIA        LUIS          309   1449559   0   0   0   0   0   0   0   0.00      0.00
  85   3381   2   08/14/13    68   LOWE           MARK          304   1449528   0   0   0   0   0   0   0   0.00      0.00
  86   3381   2   08/14/13    71   HUNT III       JAMES         310   1449515   0   0   0   0   0   0   0   0.00      0.00
  87   3381   2   08/14/13    81   LEWIS          NICO          301   1449526   0   0   0   0   0   0   0   0.00      0.00
  88   3381   2   08/14/13    84   GRIFFIN        TAYLOR        380   1449493   0   0   0   0   0   0   0   0.00      0.00
  89   3381   2   08/14/13   114   KUDER          BRYAN         301   1449523   0   0   0   0   0   0   0   0.00      0.00
  90   3381   2   08/14/13   119   DUTRIDGE       JUSTIN        380   1449462   0   0   0   0   0   0   0   0.00      0.00
  91   3381   2   08/14/13   136   FRAZIER        CATHERINE     304   1449476   0   0   0   0   0   0   0   0.00      0.00
  92   3381   2   08/21/13    12   DUDEK          SCOTT         307   1450077   0   0   0   0   0   0   0   0.00      0.00
  93   3381   2   08/21/13    25   EDWARDS        BRIAN         303   1450078   0   0   0   0   0   0   0   0.00      0.00
  94   3381   2   08/21/13    43   UPSHAW         JASMINE       303   1450116   0   0   0   0   0   0   0   0.00      0.00
  95   3381   2   08/22/13   126   DUNLAP         ROBYN         301   1449461   0   0   0   0   0   0   0   0.00      0.00
  96   3381   2   10/09/13    16   MANNELLA       MICHAEL       309   1453919   0   0   0   0   0   0   0   0.00      0.00
  97   3381   2   10/16/13     6   MCCABE II      DAVID         301   1454735   0   0   0   0   0   0   0   0.00      0.00
  98   3381   2   10/16/13    13   DIBLE          STEVEN        304   1454695   0   0   0   0   0   0   0   0.00      0.00
  99   3381   2   10/16/13    15   BOOKER         RAYVALE       306   1454688   0   0   0   0   0   0   0   0.00      0.00
 100   3381   2   10/16/13    20   DAVIS          GREG          310   1454693   0   0   0   0   0   0   0   0.00      0.00
 101   3381   2   10/16/13    22   FEDYNICH       DAVID         380   1454700   0   0   0   0   0   0   0   0.00      0.00
 102   3381   2   10/16/13    42   DICK           JEFF          303   1454696   0   0   0   0   0   0   0   0.00      0.00
 103   3381   2   10/16/13    50   NEAL           D'ANTE        380   1454740   0   0   0   0   0   0   0   0.00      0.00
 104   3381   2   10/16/13    54   LESLIE         WILLIAM       380    909417   0   0   0   0   0   0   0   0.00      0.00
 105   3381   2   10/16/13    65   REITER         PHILBERT      306   1454749   0   0   0   0   0   0   0   0.00      0.00
 106   3381   2   10/16/13    71   KINCAID        SHAWN         303   1454723   0   0   0   0   0   0   0   0.00      0.00
 107   3381   2   11/13/13    10   HILL           DAVID         306   1278121   0   0   0   0   0   0   0   0.00      0.00
 108   3381   2   02/17/14     1   RUSAN          LANCE         306   1448542   0   0   0   0   0   0   0   0.00      0.00
 109   3381   2   02/17/14     8   BLANGO-SMITH   LAQUAN        306   1448476   0   0   0   0   0   0   0   0.00      0.00
 110   3381   2   02/17/14    10   JOHNSON        MARCUS        305   1448520   0   0   0   0   0   0   0   0.00      0.00
 111   3381   2   02/24/14     7   NOEL           BIANCA        306   1448535   0   0   0   0   0   0   0   0.00      0.00
 112   3381   2   02/24/14    15   FORCHE         ANDREW        302   1448500   0   0   0   0   0   0   0   0.00      0.00
 113   3381   2   03/24/14    27   JONES          MYCHAL        307   1459919   0   0   0   0   0   0   0   0.00      0.00
 114   3381   2   04/07/14     5   SCHAFF         DARRELL       307   1460460   0   0   0   0   0   0   0   0.00      0.00
 115   3381   2   04/07/14     7   OSBURN         SUZANNE       302   1460448   0   0   0   0   0   0   0   0.00      0.00
 116   3381   2   04/07/14     8   BURBEY         ANGELA        307   1460461   0   0   0   0   0   0   0   0.00      0.00
 117   3381   2   05/05/14     1   SNEAD JR       JEFFREY       302   1460464   0   0   0   0   0   0   0   0.00      0.00
 118   3381   2   05/12/14     5   ROBERTS        TIMOTHY       309   1462196   0   0   0   0   0   0   0   0.00      0.00
 119   3381   2   05/12/14     9   NAJI           FADI          309   1462178   0   0   0   0   0   0   0   0.00      0.00
 120   3381   2   05/12/14    15   KNIGHT         CURTIS        308   1460440   0   0   0   0   0   0   0   0.00      0.00
 121   3381   2   05/12/14    17   STURDIVANT     EDWIN         305   1462210   0   0   0   0   0   0   0   0.00      0.00
 122   3381   2   05/12/14    18   BOOTH          PATRICK       307   1460438   0   0   0   0   0   0   0   0.00      0.00
 123   3381   2   05/12/14    21   PASCH          TIMOTHY       310   1460449   0   0   0   0   0   0   0   0.00      0.00
 124   3381   2   06/02/14     1   MCKINNEY       AARON         300   1462174   0   0   0   0   0   0   0   0.00      0.00
 125   3381   2   07/10/14     5   OBONG          JAMES         305   1463179   0   0   0   0   0   0   0   0.00      0.00
 126   3381   2   12/01/14     7   PINKELMAN      MIKE          307   1464148   0   0   0   0   0   0   0   0.00      0.00
 127   3381   2   12/01/14    14   REID           CHRISTIAN     308   1465669   0   0   0   0   0   0   0   0.00      0.00
 128   3381   2   12/01/14    37   PATTERSON      JASON         310   1464310   0   0   0   0   0   0   0   0.00      0.00
 129   3381   2   12/01/14    42   WAHL JR.       TIMOTHY       310   1465673   0   0   0   0   0   0   0   0.00      0.00
 130   3381   2   12/01/14    46   ANDERSON       ALAN          302   1465661   0   0   0   0   0   0   0   0.00      0.00
 131   3381   2   12/01/14    47   LOPEZ          MOLLY         380   1464309   0   0   0   0   0   0   0   0.00      0.00
 132   3381   2   03/09/15     1   RIEGER         JOSHUA        306   1467064   0   0   0   0   0   0   0   0.00      0.00
 133   3381   2   03/30/15     6   RICE           SHENITA       380   1467063   0   0   0   0   0   0   0   0.00      0.00
 134   3381   2   03/30/15    26   HATCHER        SHAMEL        306   1467044   0   0   0   0   0   0   0   0.00      0.00
 135   3381   2   04/20/15     5   ELLERSON       CHRISTOPHER   303   1467788   0   0   0   0   0   0   0   0.00      0.00
 136   3381   2   04/20/15     6   MINTER         DEMARCO       302   1467812   0   0   0   0   0   0   0   0.00      0.00
 137   3381   2   04/20/15     9   KLAEGE         KEVIN         308   1487803   0   0   0   0   0   0   0   0.00      0.00
 138   3381   2   04/20/15    13   BUTLER         VINCENT       306   1467781   0   0   0   0   0   0   0   0.00      0.00
 139   3381   2   04/20/15    25   TALLMAN        RYAN          307   1467837   0   0   0   0   0   0   0   0.00      0.00
 140   3381   2   04/20/15    27   PASKO          ASHLEY        304   1467999   0   0   0   0   0   0   0   0.00      0.00
 141   3381   2   05/04/15    10   TURNER         DANIELLE      306   1468840   0   0   0   0   0   0   0   0.00      0.00
 142   3381   2   05/04/15    15   YARNBOON       STEVE         302   1468850   0   0   0   0   0   0   0   0.00      0.00
 143   3381   2   05/11/15     8   BROKA          TERRY         306   1521446   0   0   0   0   0   0   0   0.00      0.00
 144   3381   2   05/11/15    10   SWARTZ         CASSANDRA     309   1521461   0   0   0   0   0   0   0   0.00      0.00
 145   3381   2   05/18/15     1   MCCOLLUM       MARVIN        309   1539105   0   0   0   0   0   0   0   0.00      0.00
 146   3381   2   05/18/15     3   DIGGINS        JULIE         309   1539066   0   0   0   0   0   0   0   0.00      0.00
 147   3381   2   05/18/15     7   SCAGGS         TRENTON       309   1522303   0   0   0   0   0   0   0   0.00      0.00
 148   3381   2   05/27/15     4   SPRADLIN       DUSTIN        307   1470379   0   0   0   0   0   0   0   0.00      0.00
 149   3381   2   05/27/15    15   RUCKER         KATARA        308   1470279   0   0   0   0   0   0   0   0.00      0.00
 150   3381   2   05/27/15    39   DUNAHOO        JESSICA       380   1468778   0   0   0   0   0   0   0   0.00      0.00
 151   3381   2   06/17/15     5   HANNAH         STEPHEN       305   1476295   0   0   0   0   0   0   0   0.00      0.00
Week #1                              STOCK 3381 JL OVERTIME AFTERNOON SHIFT                                        12:33 AM
12/24/18 - 12/30/18                                                                                                1/4/2019

 152   3381   2   06/17/15    12   BAILEY         MICHAEL       306   1476279   0   0   0   0   0   0   0   0.00      0.00
 153   3381   2   06/17/15    19   PERDUM         VA'KHARRI     305   1472098   0   0   0   0   0   0   0   0.00      0.00
 154   3381   2   08/24/15     1   GREENE         TYRONE        305   1471949   0   0   0   0   0   0   0   0.00      0.00
 155   3381   2   09/14/15     3   WAGANFEALD     EMMY          310   1472077   0   0   0   0   0   0   0   0.00      0.00
 156   3381   2   02/14/16     1   JONES          BRIONNE       303   1467996   0   0   0   0   0   0   0   0.00      0.00
 157   3381   2   07/25/16     9   PASKO-BOWLING REBECCA        301   1467061   0   0   0   0   0   0   0   0.00      0.00
 158   3381   2   07/25/16    18   STEWART        SHAWN         305   1476309   0   0   0   0   0   0   0   0.00      0.00
 159   3381   2   07/25/16    20   WYSE           CAMISHA       308   1476316   0   0   0   0   0   0   0   0.00      0.00
 160   3381   2   07/25/16    23   SHULAR JR.     TIMOTHY       303   1476306   0   0   0   0   0   0   0   0.00      0.00
 161   3381   2   08/29/16     3   GRAVES         TIFFANY       309   1480890   0   0   0   0   0   0   0   0.00      0.00
 162   3381   2   08/29/16    16   WILLIAMS       RASHAD        306   1481450   0   0   0   0   0   0   0   0.00      0.00
 163   3381   2   08/29/16    20   MACNEAR        ANTONIO       308   1480901   0   0   0   0   0   0   0   0.00      0.00
 164   3381   2   10/23/17     9   RUSH           SHARRON       308   1497445   0   0   0   0   0   0   0   0.00      0.00
 165   3381   2   10/23/17    10   WODARSKI       BETH          309   1545357   0   0   0   0   0   0   0   0.00      0.00
 166   3381   2   10/23/17    16   CORY           SASHA         308   1545283   0   0   0   0   0   0   0   0.00      0.00
 167   3381   2   10/23/17    20   JOHNSON II     JERRY         380   1545312   0   0   0   0   0   0   0   0.00      0.00
 168   3381   2   10/23/17    25   SORENSON       JEREMY        310   1545341   0   0   0   0   0   0   0   0.00      0.00
 169   3381   2   10/23/17    26   WILLIAMS       BRANDALISE    310   1545351   0   0   0   0   0   0   0   0.00      0.00
 170   3381   2   10/23/17    27   TUCKER         JESSICA       309   1491999   0   0   0   0   0   0   0   0.00      0.00
 171   3381   2   10/23/17    29   KELLY          JONATHON      308   1520898   0   0   0   0   0   0   0   0.00      0.00
 172   3381   2   10/23/17    32   BACKES         BRIAN         310   1554805   0   0   0   0   0   0   0   0.00      0.00
 173   3381   2   10/23/17    42   RAMIREZ        ROGER         307   1555836   0   0   0   0   0   0   0   0.00      0.00
 174   3381   2   10/23/17    57   BOBBITT-COLLINSKIMBALL       305   1543274   0   0   0   0   0   0   0   0.00      0.00
 175   3381   2   10/23/17    67   FULLER-HILL    TERRY         307   1453043   0   0   0   0   0   0   0   0.00      0.00
 176   3381   2   10/23/17    82   KLAEGE         KENNETH       308   1545315   0   0   0   0   0   0   0   0.00      0.00
 177   3381   2   10/23/17    83   CREWS          JAMIE         380   1545291   0   0   0   0   0   0   0   0.00      0.00
 178   3381   2   10/23/17    86   CANNON JR.     GREG          307   1543281   0   0   0   0   0   0   0   0.00      0.00
 179   3381   2   10/23/17    94   BRYANT         DEREK         306   1555734   0   0   0   0   0   0   0   0.00      0.00
 180   3381   2   10/23/17   109   LEECH          ANDREW        308   1512310   0   0   0   0   0   0   0   0.00      0.00
 181   3381   2   10/23/17   120   JOHNSON        ANGEL         308   1498046   0   0   0   0   0   0   0   0.00      0.00
 182   3381   2   10/23/17   138   SYMINGTON      ROXANNE       308   1545298   0   0   0   0   0   0   0   0.00      0.00
 183   3381   2   10/23/17   143   PERKINS        JUANTONIO     308   1501202   0   0   0   0   0   0   0   0.00      0.00
 184   3381   2   10/23/17   149   McDONALD       MARK          309   1545321   0   0   0   0   0   0   0   0.00      0.00
 185   3381   2   10/23/17   184   STEPHENS       DORCAS        310   1555854   0   0   0   0   0   0   0   0.00      0.00
 186   3381   2   10/23/17   188   GENSLER        DYLAN         310   1498039   0   0   0   0   0   0   0   0.00      0.00
 187   3381   2   10/23/17   190   WILLIAMS       DONALD        308   1555891   0   0   0   0   0   0   0   0.00      0.00
 188   3381   2   10/23/17   203   KELLY          CASSANDRA     302   1501197   0   0   0   0   0   0   0   0.00      0.00
 189   3381   2   10/23/17   213   BERMAN         STEPHANIE     303   1498029   0   0   0   0   0   0   0   0.00      0.00
 190   3381   2   10/23/17   224   FIELDS         AUDRIANNA     306   1481655   0   0   0   0   0   0   0   0.00      0.00
 191   3381   2   10/23/17   230   HUFFMAN        HEATHER       310   1498045   0   0   0   0   0   0   0   0.00      0.00
 192   3381   2   10/23/17   234   BOSTIC         MARTELL       307   1543277   0   0   0   0   0   0   0   0.00      0.00
 193   3381   2   10/23/17   263   DAHLKE         JOHN          305   1555749   0   0   0   0   0   0   0   0.00      0.00
 194   3381   2   10/23/17   288   NADOLNY        ZACHARY       310   1498049   0   0   0   0   0   0   0   0.00      0.00
 195   3381   2   10/23/17   292   WARD           RIANNA        305   1543316   0   0   0   0   0   0   0   0.00      0.00
 196   3381   2   10/23/17   295   FAGAN          MEGAN         308   1501190   0   0   0   0   0   0   0   0.00      0.00
 197   3381   2   10/23/17   298   NEAL           BRANDY        307   1498050   0   0   0   0   0   0   0   0.00      0.00
 198   3381   2   10/23/17   328   PINSON         TERRY         305   1462185   0   0   0   0   0   0   0   0.00      0.00
 199   3381   2   10/23/17   330   DYER           JACK          309   1498037   0   0   0   0   0   0   0   0.00      0.00
 200   3381   2   10/23/17   344   AGEE JR        LONNIE        380   1500704   0   0   0   0   0   0   0   0.00      0.00
 201   3381   2   10/23/17   369   HERRON         ASHLEY        310   1545308   0   0   0   0   0   0   0   0.00      0.00
 202   3381   2   12/18/17     1   PIERRE         DARREN        305   1556462   0   0   0   0   0   0   0   0.00      0.00
 203   3381   2   12/18/17     9   JENKINS        RICHARD       307   1481433   0   0   0   0   0   0   0   0.00      0.00
 204   3381   2   12/18/17    10   COBB JR.       LLOYD         305   1481650   0   0   0   0   0   0   0   0.00      0.00
 205   3381   2   12/18/17    13   LACOURSE       ROBERT        307   1555802   0   0   0   0   0   0   0   0.00      0.00
 206   3381   2   12/18/17    14   BARWILER       ALYSON        310   1554807   0   0   0   0   0   0   0   0.00      0.00
 207   3381   2   12/18/17    19   MITCHELL       JOERINA       307   1555820   0   0   0   0   0   0   0   0.00      0.00
 208   3381   2   12/18/17    20   HYMON          DELISA        307   1555792   0   0   0   0   0   0   0   0.00      0.00
 209   3381   2   12/18/17    25   RISING         RICHARD       302   1555841   0   0   0   0   0   0   0   0.00      0.00
 210   3381   2   01/15/18    19   COLLINS        ROBERT        302   1555745   0   0   0   0   0   0   0   0.00      0.00
 211   3381   2   02/19/18     3   WILCOX         DANIEL        308   1559778   0   0   0   0   0   0   0   0.00      0.00
 212   3381   2   02/19/18    12   DORAN          KRISTOPHER    380   1559688   0   0   0   0   0   0   0   0.00      0.00
 213   3381   2   02/19/18    49   COSTEN         CHIVE         310   1557823   0   0   0   0   0   0   0   0.00      0.00
 214   3381   2   02/24/18     1   SMART          TIMOTHY       308   1524209   0   0   0   0   0   0   0   0.00      0.00
 215   3381   2   02/26/18    24   WILSON         ANDREW        308   1570661   0   0   0   0   0   0   0   0.00      0.00
 216   3381   2   02/26/18    69   TYRONCE        SHAKIA        302   1559773   0   0   0   0   0   0   0   0.00      0.00
 217   3381   2   03/05/18    19   KEIVENS        JOSH          305   1622866   0   0   0   0   0   0   0   0.00      0.00
 218   3381   2   07/23/18     2   COX            CHRISTOPHER   310   1624242   0   0   0   0   0   0   0   0.00      0.00
 219   3381   2   07/23/18    18   GRABARCZYK     DAVID         308   1624355   0   0   0   0   0   0   0   0.00      0.00
 220   3381   2   07/23/18    27   HERNANDEZ      JOSEPH        302   1555779   0   0   0   0   0   0   0   0.00      0.00
 221   3381   2   07/23/18    29   ARREGUIN       BRANDON       305   1625547   0   0   0   0   0   0   0   0.00      0.00
 222   3381   2   07/23/18    31   TURNER         STEVE         305   1624443   0   0   0   0   0   0   0   0.00      0.00
 223   3381   2   07/23/18    34   HAMILTON       LONNIE        302   1559706   0   0   0   0   0   0   0   0.00      0.00
 224   3381   2   07/23/18    36   ROUSE          JOSEPH        310   1624406   0   0   0   0   0   0   0   0.00      0.00
 225   3381   2   07/23/18    51   ROBINSON       BRANDEN       306   1668535   0   0   0   0   0   0   0   0.00      0.00
 226   3381   2   07/23/18    54   MILES          ZACHERY       309   1666677   0   0   0   0   0   0   0   0.00      0.00
 227   3381   2   07/23/18    60   HARDING JR     WILLIAM       308   1666748   0   0   0   0   0   0   0   0.00      0.00
Week #1                              STOCK 3381 JL OVERTIME AFTERNOON SHIFT                                   12:33 AM
12/24/18 - 12/30/18                                                                                           1/4/2019

 228   3381   2   07/23/18    61   CORRON       MATTHEW    306   1666765   0   0   0   0   0   0   0   0.00      0.00
 229   3381   2   07/23/18    72   WRIGHT       JEFF       306   1666724   0   0   0   0   0   0   0   0.00      0.00
 230   3381   2   07/23/18    76   HARMON       CALEB      310   1666688   0   0   0   0   0   0   0   0.00      0.00
 231   3381   2   07/23/18    81   BERMEJO      MATEO      305   1668555   0   0   0   0   0   0   0   0.00      0.00
 232   3381   2   07/23/18    83   KELLEY       JASON      306   1625575   0   0   0   0   0   0   0   0.00      0.00
 233   3381   2   07/23/18    87   WISNIEWSKI   NICHOLAS   309   1666741   0   0   0   0   0   0   0   0.00      0.00
 234   3381   2   07/23/18    90   FANN         DEWIGHT    380   1668562   0   0   0   0   0   0   0   0.00      0.00
 235   3381   2   07/23/18    92   STOWE        JUSTIN     305   1666600   0   0   0   0   0   0   0   0.00      0.00
 236   3381   2   07/23/18   106   DAVIS        BENJAMIN   302   1625564   0   0   0   0   0   0   0   0.00      0.00
 237   3381   2   07/23/18   111   CAVANAUGH    LEAHANN    305   1498033   0   0   0   0   0   0   0   0.00      0.00
 238   3381   2   07/23/18   112   PRITSCHER    ALEX       307   1622763   0   0   0   0   0   0   0   0.00      0.00
 239   3381   2   07/23/18   119   MONROE       ROBERT     305   1666720   0   0   0   0   0   0   0   0.00      0.00
