Week #1
12/24/18 - 12/30/18

 STOCK 3381 JL OVERTIME AFTERNOON SHIFT

Num Dept. Shift Adj Sen
09/26/78
08/26/83
09/07/83
10/07/83
05/07/84
05/14/84
02/11/85
06/03/85
06/24/85
06/24/85
06/27/85
08/16/85
08/19/85
09/17/93
11/18/93
05/01/97
03/14/00
05/08/00
06/12/00
09/08/00
10/04/00
02/26/01
03/30/01
11/30/12
03/07/13
03/07/13
03/07/13
03/13/13
03/13/13
04/24/13
05/07/13
05/08/13
05/21/13
05/29/13
06/12/13
06/12/13
06/19/13
06/25/13
06/25/13
07/10/13
07/10/13
07/10/13
07/10/13
07/10/13
07/10/13
07/10/13
07/17/13
07/17/13
07/24/13
07/24/13
07/24/13
07/24/13
07/24/13
07/24/13
07/24/13
07/24/13
07/24/13
07/24/13
07/24/13
07/24/13
07/24/13
07/24/13
07/24/13
07/24/13
07/24/13
07/24/13
07/24/13
07/24/13
07/24/13
07/24/13
07/24/13
07/27/13
07/31/13
08/07/13
08/07/13

3381
3381
3381
3381
3381
3381
3381
3381
3381
3381
3381
3381
3381
3381
3381
3381
3381
3381
3381
3381
3381
3381
3381
3381
3381
3381
3381
3381
3381
3381
3381
3381
3381
3381
3381
3381
3381
3381
3381
3381
3381
3381
3381
3381
3381
3381
3381
3881
3381
3381
3381
3381
3381
3381
3381
3381
3381
3381
3381
3381
3381
3381
3381
3381
3381
3381
3381
3381
3381
3381
3381
3381
3381
3381
3381

1
2
3
4
5
6
7
8
9
10
11
12
13
14
15
16
17
18
19
20
21
22
23
24
25
26
27
28
29
30
31
32
33
34
35
36
37
38
39
40
41
42
43
44
45
46
47
48
49
50
51
52
53
54
55
56
57
58
59
60
61
62
63
64
65
66
67
68
69
70
71
72
73
74
75

2
2
2
2
2
2
2
2
2
2
2
2
2
2
2
2
2
2
2
2
2
2
2
2
2
2
2
2
2
2
2
2
2
2
2
2
2
2
2
2
2
2
2
2
2
2
2
2
2
2
2
2
2
2
2
2
2
2
2
2
2
2
2
2
2
2
2
2
2
2
2
2
2
2
2

Seq. 

Last Name

First Name

MILLER
BARNES II
MARCINIAK
GARCIA
JAQUEZ
ORTIZ
SCOTT
BEAVERS
OFFET
BUSH

HOWARD
ROBERT
JOHN
JOHN
JESSE
KEN
DEBBIE
SHARYLL
TANN
ERIC
KEN
JULIE
DAVE
JAMES
DAVID
JAN
GREG
TERRI
RICHARD
RAGAH
ROBERTO
DEANNA
ROBERT
RYAN
ANDREW
RALONDA
NATE
MATT
KERI
ANGELA
DESIREE

7
6
4
7
9
0
6
31
19
190
36 WALTERS
4
17
13
2
3
1
11
20
0
4
5
2
59
23
46
51
24
45
2
3
15
8
15
32
42
32
3
17
29
53
66
76
77
86
94
46
131

MONHOLLEN
THOMAS
FITCHPATRIC
KLINEPETER
JOYCE
THOMPSON
BEST
RUFFIN
MOURAD
AVELAR
WALKER
WOOLEY
NEARHOOD
ERDMANN
SHERMAN
RICKER
ERNEST
HERNACKI
DUDEK
COX
MONTGOMERY JERON
JASON
WIMBERLY
SANDRA
OATES
NATE
CRAGWAY
RADDATZ
RYAN
DIMITRI
COOPER
MORGAN
MALLORY
JEFF
BEEHNER
MARCUS
LUSK II
CHUCK
STOCKMAN
DAVIS
TRACEY
FRANK
RAO
AMERICO
TODOROFF
CRAIG
MAURICE
THEO
MARTIN
JEFFERY
JOHNSON
LUPU
GARY
ELIJAH
JONES
RODNEY
CHILDS Sr.
MIKE
CURT
JASON
MATT
BRIAN
KEN
AARON
BRIAN
JERRY
SARAH
SHANEICE
BRYAN
ROMAN
FELICIA
ROY
ERIC
DARREN
DENNY
ROBERT
TERRENCE
SOLLIE
DAVID  
JOE 
CHRIS
BRIAN

3
10
11 WULFF
16
22
24
30
31 WESTRAY
JAKEWAY
37
FOSTER
39
40
CARPENTER
KUCZOWSKI
44
COLEMAN
45
MARTIN
53
BODENMILLER
56
56
FLOYD
60
FIELDS JR
61 WRIGHT II
70
83
101 GRIMES
103 MARS
115 GORDON
105
52
6
38

ATKIN
EDWARDS
MORTEMORE
MCMULLEN

HITCHCOCK
BEST
JEFFERS
MACKIE

DRAKE
CRUM

Team C-ID
305
304
304
304
304
303
301
301
306
300
301
309
310
302
302
303
303
301
304
380
301
302
306
301
303
303
302
303
308
305
303
302
305
303
303
304
306
304
303
310
307
380
309
309
304
301
304
302
304
308
301
301
380
380
310
301
304
308
301
309
380
304
307
305
380
304
380
380
301
380
309
309
302
309
304

276970
279720
279191
276798
283729
283858
276961
281048
278995
278416
282406
282502
278531
815432
830026
953076
1008168
1102485
1136945
505004
679180
1141975
1155589
1406336
1433832
1433862
1433849
1434925
1434804
1437903
1438504
1439255
1440149
1441134
1442806
1441139
1443600
1443567
1443491
1445568
1445641
1445424
1445611
1445659
1445573
1445572
1446286
1446304
1446882
1446817
1446954
1446796
1446839
1446909
1446959
1446949
1446880
1446856
1446814
1446893
1446823
1446900
1446804
1446852
1446849
1446953
1446835
1446828
1446862
1446898
1446859
1446872
1447776
1448758
1448780

Mon Tue Wed Thu

0
0
0
0
0
0
0
0
0
0
0
0
0
0
0
0
0
0
0
0
0
0
0
0
0
0
0
0
0
0
0
0
0
0
0
0
0
0
0
0
0
0
0
0
0
0
0
0
0
0
0
0
0
0
0
0
0
0
0
0
0
0
0
0
0
0
0
0
0
0
0
0
0
0
0

0
0
0
0
0
0
0
0
0
0
0
0
0
0
0
0
0
0
0
0
0
0
0
0
0
0
0
0
0
0
0
0
0
0
0
0
0
0
0
0
0
0
0
0
0
0
0
0
0
0
0
0
0
0
0
0
0
0
0
0
0
0
0
0
0
0
0
0
0
0
0
0
0
0
0

0
0
0
0
0
0
0
0
0
0
0
0
0
0
0
0
0
0
0
0
0
0
0
0
0
0
0
0
0
0
0
0
0
0
0
0
0
0
0
0
0
0
0
0
0
0
0
0
0
0
0
0
0
0
0
0
0
0
0
0
0
0
0
0
0
0
0
0
0
0
0
0
0
0
0

0
0
0
0
0
0
0
0
0
0
0
0
0
0
0
0
0
0
0
0
0
0
0
0
0
0
0
0
0
0
0
0
0
0
0
0
0
0
0
0
0
0
0
0
0
0
0
0
0
0
0
0
0
0
0
0
0
0
0
0
0
0
0
0
0
0
0
0
0
0
0
0
0
0
0

Fri
0
0
0
0
0
0
0
0
0
0
0
0
0
0
0
0
0
0
0
0
0
0
0
0
0
0
0
0
0
0
0
0
0
0
0
0
0
0
0
0
0
0
0
0
0
0
0
0
0
0
0
0
0
0
0
0
0
0
0
0
0
0
0
0
0
0
0
0
0
0
0
0
0
0
0

Sat
0
0
0
0
0
0
0
0
0
0
0
0
0
0
0
0
0
0
0
0
0
0
0
0
0
0
0
0
0
0
0
0
0
0
0
0
0
0
0
0
0
0
0
0
0
0
0
0
0
0
0
0
0
0
0
0
0
0
0
0
0
0
0
0
0
0
0
0
0
0
0
0
0
0
0

12:33 AM
1/4/2019

Sun Old Hrs New Hrs

0
0
0
0
0
0
0
0
0
0
0
0
0
0
0
0
0
0
0
0
0
0
0
0
0
0
0
0
0
0
0
0
0
0
0
0
0
0
0
0
0
0
0
0
0
0
0
0
0
0
0
0
0
0
0
0
0
0
0
0
0
0
0
0
0
0
0
0
0
0
0
0
0
0
0

0.00
0.00
0.00
0.00
0.00
0.00
0.00
0.00
0.00
0.00
0.00
0.00
0.00
0.00
0.00
0.00
0.00
0.00
0.00
0.00
0.00
0.00
0.00
0.00
0.00
0.00
0.00
0.00
0.00
0.00
0.00
0.00
0.00
0.00
0.00
0.00
0.00
0.00
0.00
0.00
0.00
0.00
0.00
0.00
0.00
0.00
0.00
0.00
0.00
0.00
0.00
0.00
0.00
0.00
0.00
0.00
0.00
0.00
0.00
0.00
0.00
0.00
0.00
0.00
0.00
0.00
0.00
0.00
0.00
0.00
0.00
0.00
0.00
0.00
0.00

0.00
0.00
0.00
0.00
0.00
0.00
0.00
0.00
0.00
0.00
0.00
0.00
0.00
0.00
0.00
0.00
0.00
0.00
0.00
0.00
0.00
0.00
0.00
0.00
0.00
0.00
0.00
0.00
0.00
0.00
0.00
0.00
0.00
0.00
0.00
0.00
0.00
0.00
0.00
0.00
0.00
0.00
0.00
0.00
0.00
0.00
0.00
0.00
0.00
0.00
0.00
0.00
0.00
0.00
0.00
0.00
0.00
0.00
0.00
0.00
0.00
0.00
0.00
0.00
0.00
0.00
0.00
0.00
0.00
0.00
0.00
0.00
0.00
0.00
0.00

Week #1
12/24/18 - 12/30/18

 STOCK 3381 JL OVERTIME AFTERNOON SHIFT

12:33 AM
1/4/2019

76
3381
77
3381
78
3381
79
3381
80
3381
81
3381
82
3381
83
3381
84
3381
85
3381
86
3381
87
3381
88
3381
89
3381
90
3381
91
3381
92
3381
93
3381
94
3381
95
3381
96
3381
97
3381
98
3381
99
3381
100 3381
101 3381
102 3381
103 3381
104 3381
105 3381
106 3381
107 3381
108 3381
109 3381
110 3381
111 3381
112 3381
113 3381
114 3381
115 3381
116 3381
117 3381
118 3381
119 3381
120 3381
121 3381
122 3381
123 3381
124 3381
125 3381
126 3381
127 3381
128 3381
129 3381
130 3381
131 3381
132 3381
133 3381
134 3381
135 3381
136 3381
137 3381
138 3381
139 3381
140 3381
141 3381
142 3381
143 3381
144 3381
145 3381
146 3381
147 3381
148 3381
149 3381
150 3381
151 3381

2
2
2
2
2
2
2
2
2
2
2
2
2
2
2
2
2
2
2
2
2
2
2
2
2
2
2
2
2
2
2
2
2
2
2
2
2
2
2
2
2
2
2
2
2
2
2
2
2
2
2
2
2
2
2
2
2
2
2
2
2
2
2
2
2
2
2
2
2
2
2
2
2
2
2
2

08/07/13
08/07/13
08/07/13
08/07/13
08/07/13
08/07/13
08/07/13
08/14/13
08/14/13
08/14/13
08/14/13
08/14/13
08/14/13
08/14/13
08/14/13
08/14/13
08/21/13
08/21/13
08/21/13
08/22/13
10/09/13
10/16/13
10/16/13
10/16/13
10/16/13
10/16/13
10/16/13
10/16/13
10/16/13
10/16/13
10/16/13
11/13/13
02/17/14
02/17/14
02/17/14
02/24/14
02/24/14
03/24/14
04/07/14
04/07/14
04/07/14
05/05/14
05/12/14
05/12/14
05/12/14
05/12/14
05/12/14
05/12/14
06/02/14
07/10/14
12/01/14
12/01/14
12/01/14
12/01/14
12/01/14
12/01/14
03/09/15
03/30/15
03/30/15
04/20/15
04/20/15
04/20/15
04/20/15
04/20/15
04/20/15
05/04/15
05/04/15
05/11/15
05/11/15
05/18/15
05/18/15
05/18/15
05/27/15
05/27/15
05/27/15
06/17/15

DAVID
JAWANN
TREVOR
DANIELLE
REBECCA
TRAVIS
GEORGE
JASMINE
LUIS
MARK
JAMES
NICO
TAYLOR
BRYAN
JUSTIN
CATHERINE
SCOTT
BRIAN
JASMINE
ROBYN
MICHAEL
DAVID
STEVEN
RAYVALE
GREG
DAVID
JEFF
D'ANTE
WILLIAM
PHILBERT
SHAWN
DAVID
LANCE

43
53
68
94
140
178
180
14
53
68
71
81
84
114
119
136
12
25
43
126
16
6
13
15
20
22
42
50
54
65
71
10
1
8
10
7
15
27
5
7
8
1
5
9
15
17
18
21
1
5
7
14
37
42 WAHL JR.
46
47
1
6
26
5
6
9
13
25
27
10
15
8
10
1
3
7
4
15
39
5

DARNELL II
JONES
HIBBS
BOYD
KLEVER
KING
SMITH
HUNT   
SARABIA
LOWE
HUNT III
LEWIS
GRIFFIN
KUDER
DUTRIDGE
FRAZIER
DUDEK
EDWARDS
UPSHAW
DUNLAP
MANNELLA
MCCABE II
DIBLE
BOOKER
DAVIS
FEDYNICH
DICK
NEAL 
LESLIE
REITER
KINCAID
HILL
RUSAN
BLANGO-SMITH LAQUAN
MARCUS
JOHNSON
BIANCA
NOEL
ANDREW
FORCHE
JONES
MYCHAL
DARRELL
SCHAFF
SUZANNE
OSBURN
ANGELA
BURBEY
JEFFREY
SNEAD JR
ROBERTS
TIMOTHY
FADI
NAJI
CURTIS
KNIGHT
EDWIN
STURDIVANT
PATRICK
BOOTH
TIMOTHY
PASCH
MCKINNEY
AARON
JAMES
OBONG
MIKE
PINKELMAN
CHRISTIAN
REID
JASON
PATTERSON
TIMOTHY
ALAN
MOLLY
JOSHUA
SHENITA
SHAMEL
CHRISTOPHER
DEMARCO
KEVIN
VINCENT
RYAN
ASHLEY
DANIELLE
STEVE
TERRY
CASSANDRA
MARVIN
JULIE
TRENTON
DUSTIN
KATARA
JESSICA
STEPHEN

ANDERSON
LOPEZ
RIEGER
RICE
HATCHER
ELLERSON
MINTER
KLAEGE
BUTLER
TALLMAN
PASKO 
TURNER
YARNBOON
BROKA
SWARTZ
MCCOLLUM
DIGGINS
SCAGGS
SPRADLIN
RUCKER
DUNAHOO
HANNAH

309
304
303
380
307
303
301
303
309
304
310
301
380
301
380
304
307
303
303
301
309
301
304
306
310
380
303
380
380
306
303
306
306
306
305
306
302
307
307
302
307
302
309
309
308
305
307
310
300
305
307
308
310
310
302
380
306
380
306
303
302
308
306
307
304
306
302
306
309
309
309
309
307
308
380
305

1448696
1448764
1448746
1448646
1448770
1207509
1448834
1449514
1449559
1449528
1449515
1449526
1449493
1449523
1449462
1449476
1450077
1450078
1450116
1449461
1453919
1454735
1454695
1454688
1454693
1454700
1454696
1454740
909417
1454749
1454723
1278121
1448542
1448476
1448520
1448535
1448500
1459919
1460460
1460448
1460461
1460464
1462196
1462178
1460440
1462210
1460438
1460449
1462174
1463179
1464148
1465669
1464310
1465673
1465661
1464309
1467064
1467063
1467044
1467788
1467812
1487803
1467781
1467837
1467999
1468840
1468850
1521446
1521461
1539105
1539066
1522303
1470379
1470279
1468778
1476295

0
0
0
0
0
0
0
0
0
0
0
0
0
0
0
0
0
0
0
0
0
0
0
0
0
0
0
0
0
0
0
0
0
0
0
0
0
0
0
0
0
0
0
0
0
0
0
0
0
0
0
0
0
0
0
0
0
0
0
0
0
0
0
0
0
0
0
0
0
0
0
0
0
0
0
0

0
0
0
0
0
0
0
0
0
0
0
0
0
0
0
0
0
0
0
0
0
0
0
0
0
0
0
0
0
0
0
0
0
0
0
0
0
0
0
0
0
0
0
0
0
0
0
0
0
0
0
0
0
0
0
0
0
0
0
0
0
0
0
0
0
0
0
0
0
0
0
0
0
0
0
0

0
0
0
0
0
0
0
0
0
0
0
0
0
0
0
0
0
0
0
0
0
0
0
0
0
0
0
0
0
0
0
0
0
0
0
0
0
0
0
0
0
0
0
0
0
0
0
0
0
0
0
0
0
0
0
0
0
0
0
0
0
0
0
0
0
0
0
0
0
0
0
0
0
0
0
0

0
0
0
0
0
0
0
0
0
0
0
0
0
0
0
0
0
0
0
0
0
0
0
0
0
0
0
0
0
0
0
0
0
0
0
0
0
0
0
0
0
0
0
0
0
0
0
0
0
0
0
0
0
0
0
0
0
0
0
0
0
0
0
0
0
0
0
0
0
0
0
0
0
0
0
0

0
0
0
0
0
0
0
0
0
0
0
0
0
0
0
0
0
0
0
0
0
0
0
0
0
0
0
0
0
0
0
0
0
0
0
0
0
0
0
0
0
0
0
0
0
0
0
0
0
0
0
0
0
0
0
0
0
0
0
0
0
0
0
0
0
0
0
0
0
0
0
0
0
0
0
0

0
0
0
0
0
0
0
0
0
0
0
0
0
0
0
0
0
0
0
0
0
0
0
0
0
0
0
0
0
0
0
0
0
0
0
0
0
0
0
0
0
0
0
0
0
0
0
0
0
0
0
0
0
0
0
0
0
0
0
0
0
0
0
0
0
0
0
0
0
0
0
0
0
0
0
0

0
0
0
0
0
0
0
0
0
0
0
0
0
0
0
0
0
0
0
0
0
0
0
0
0
0
0
0
0
0
0
0
0
0
0
0
0
0
0
0
0
0
0
0
0
0
0
0
0
0
0
0
0
0
0
0
0
0
0
0
0
0
0
0
0
0
0
0
0
0
0
0
0
0
0
0

0.00
0.00
0.00
0.00
0.00
0.00
0.00
0.00
0.00
0.00
0.00
0.00
0.00
0.00
0.00
0.00
0.00
0.00
0.00
0.00
0.00
0.00
0.00
0.00
0.00
0.00
0.00
0.00
0.00
0.00
0.00
0.00
0.00
0.00
0.00
0.00
0.00
0.00
0.00
0.00
0.00
0.00
0.00
0.00
0.00
0.00
0.00
0.00
0.00
0.00
0.00
0.00
0.00
0.00
0.00
0.00
0.00
0.00
0.00
0.00
0.00
0.00
0.00
0.00
0.00
0.00
0.00
0.00
0.00
0.00
0.00
0.00
0.00
0.00
0.00
0.00

0.00
0.00
0.00
0.00
0.00
0.00
0.00
0.00
0.00
0.00
0.00
0.00
0.00
0.00
0.00
0.00
0.00
0.00
0.00
0.00
0.00
0.00
0.00
0.00
0.00
0.00
0.00
0.00
0.00
0.00
0.00
0.00
0.00
0.00
0.00
0.00
0.00
0.00
0.00
0.00
0.00
0.00
0.00
0.00
0.00
0.00
0.00
0.00
0.00
0.00
0.00
0.00
0.00
0.00
0.00
0.00
0.00
0.00
0.00
0.00
0.00
0.00
0.00
0.00
0.00
0.00
0.00
0.00
0.00
0.00
0.00
0.00
0.00
0.00
0.00
0.00

Week #1
12/24/18 - 12/30/18

 STOCK 3381 JL OVERTIME AFTERNOON SHIFT

12:33 AM
1/4/2019

MICHAEL
BAILEY
VA'KHARRI
PERDUM
TYRONE
GREENE
EMMY
WAGANFEALD
JONES
BRIONNE
PASKO-BOWLING REBECCA
STEWART

TUCKER
KELLY
BACKES
RAMIREZ
BOBBITT-COLLINSKIMBALL
FULLER-HILL
KLAEGE
CREWS
CANNON JR.
BRYANT
LEECH
JOHNSON
SYMINGTON
PERKINS

152 3381
153 3381
154 3381
155 3381
156 3381
157 3381
158 3381
159 3381
160 3381
161 3381
162 3381
163 3381
164 3381
165 3381
166 3381
167 3381
168 3381
169 3381
170 3381
171 3381
172 3381
173 3381
174 3381
175 3381
176 3381
177 3381
178 3381
179 3381
180 3381
181 3381
182 3381
183 3381
184 3381
185 3381
186 3381
187 3381
188 3381
189 3381
190 3381
191 3381
192 3381
193 3381
194 3381
195 3381
196 3381
197 3381
198 3381
199 3381
200 3381
201 3381
202 3381
203 3381
204 3381
205 3381
206 3381
207 3381
208 3381
209 3381
210 3381
211 3381
212 3381
213 3381
214 3381
215 3381
216 3381
217 3381
218 3381
219 3381
220 3381
221 3381
222 3381
223 3381
224 3381
225 3381
226 3381
227 3381

2
2
2
2
2
2
2
2
2
2
2
2
2
2
2
2
2
2
2
2
2
2
2
2
2
2
2
2
2
2
2
2
2
2
2
2
2
2
2
2
2
2
2
2
2
2
2
2
2
2
2
2
2
2
2
2
2
2
2
2
2
2
2
2
2
2
2
2
2
2
2
2
2
2
2
2

06/17/15
06/17/15
08/24/15
09/14/15
02/14/16
07/25/16
07/25/16
07/25/16
07/25/16
08/29/16
08/29/16
08/29/16
10/23/17
10/23/17
10/23/17
10/23/17
10/23/17
10/23/17
10/23/17
10/23/17
10/23/17
10/23/17
10/23/17
10/23/17
10/23/17
10/23/17
10/23/17
10/23/17
10/23/17
10/23/17
10/23/17
10/23/17
10/23/17
10/23/17
10/23/17
10/23/17
10/23/17
10/23/17
10/23/17
10/23/17
10/23/17
10/23/17
10/23/17
10/23/17
10/23/17
10/23/17
10/23/17
10/23/17
10/23/17
10/23/17
12/18/17
12/18/17
12/18/17
12/18/17
12/18/17
12/18/17
12/18/17
12/18/17
01/15/18
02/19/18
02/19/18
02/19/18
02/24/18
02/26/18
02/26/18
03/05/18
07/23/18
07/23/18
07/23/18
07/23/18
07/23/18
07/23/18
07/23/18
07/23/18
07/23/18
07/23/18

SHULAR JR.
GRAVES

CORY
JOHNSON II
SORENSON

12
19
1
3
1
9
18
20 WYSE
23
3
16 WILLIAMS
MACNEAR
20
9
RUSH
10 WODARSKI
16
20
25
26 WILLIAMS
27
29
32
42
57
67
82
83
86
94
109
120
138
143
149 McDONALD
184
STEPHENS
188 GENSLER
190 WILLIAMS
203
213
224
230
234
263
288
292 WARD
FAGAN
295
NEAL 
298
PINSON
328
DYER
330
344
AGEE JR
HERRON
369
PIERRE
JENKINS
COBB JR.
LACOURSE
BARWILER
MITCHELL
HYMON
RISING
COLLINS
WILCOX
DORAN
COSTEN
SMART

1
9
10
13
14
19
20
25
19
3
12
49
1
24 WILSON
69
19
2
18
27
29
31
34
36
51
54
60

KELLY
BERMAN
FIELDS
HUFFMAN
BOSTIC
DAHLKE
NADOLNY

TYRONCE
KEIVENS
COX
GRABARCZYK
HERNANDEZ
ARREGUIN
TURNER
HAMILTON
ROUSE
ROBINSON
MILES
HARDING JR

306
305
305
310
303
301
305
308
303
309
306
308
308
309
308
380
310
310
309
308
310
307
305
307
308
380
307
306
308
308
308
308
309
310
310
308
302
303
306
310
307
305
310
305
308
307
305
309
380
310
305
307
305
307
310
307
307
302
302
308
380
310
308
308
302
305
310
308
302
305
305
302
310
306
309
308

1476279
1472098
1471949
1472077
1467996
1467061
1476309
1476316
1476306
1480890
1481450
1480901
1497445
1545357
1545283
1545312
1545341
1545351
1491999
1520898
1554805
1555836
1543274
1453043
1545315
1545291
1543281
1555734
1512310
1498046
1545298
1501202
1545321
1555854
1498039
1555891
1501197
1498029
1481655
1498045
1543277
1555749
1498049
1543316
1501190
1498050
1462185
1498037
1500704
1545308
1556462
1481433
1481650
1555802
1554807
1555820
1555792
1555841
1555745
1559778
1559688
1557823
1524209
1570661
1559773
1622866
1624242
1624355
1555779
1625547
1624443
1559706
1624406
1668535
1666677
1666748

0
0
0
0
0
0
0
0
0
0
0
0
0
0
0
0
0
0
0
0
0
0
0
0
0
0
0
0
0
0
0
0
0
0
0
0
0
0
0
0
0
0
0
0
0
0
0
0
0
0
0
0
0
0
0
0
0
0
0
0
0
0
0
0
0
0
0
0
0
0
0
0
0
0
0
0

0
0
0
0
0
0
0
0
0
0
0
0
0
0
0
0
0
0
0
0
0
0
0
0
0
0
0
0
0
0
0
0
0
0
0
0
0
0
0
0
0
0
0
0
0
0
0
0
0
0
0
0
0
0
0
0
0
0
0
0
0
0
0
0
0
0
0
0
0
0
0
0
0
0
0
0

0
0
0
0
0
0
0
0
0
0
0
0
0
0
0
0
0
0
0
0
0
0
0
0
0
0
0
0
0
0
0
0
0
0
0
0
0
0
0
0
0
0
0
0
0
0
0
0
0
0
0
0
0
0
0
0
0
0
0
0
0
0
0
0
0
0
0
0
0
0
0
0
0
0
0
0

0
0
0
0
0
0
0
0
0
0
0
0
0
0
0
0
0
0
0
0
0
0
0
0
0
0
0
0
0
0
0
0
0
0
0
0
0
0
0
0
0
0
0
0
0
0
0
0
0
0
0
0
0
0
0
0
0
0
0
0
0
0
0
0
0
0
0
0
0
0
0
0
0
0
0
0

0
0
0
0
0
0
0
0
0
0
0
0
0
0
0
0
0
0
0
0
0
0
0
0
0
0
0
0
0
0
0
0
0
0
0
0
0
0
0
0
0
0
0
0
0
0
0
0
0
0
0
0
0
0
0
0
0
0
0
0
0
0
0
0
0
0
0
0
0
0
0
0
0
0
0
0

0
0
0
0
0
0
0
0
0
0
0
0
0
0
0
0
0
0
0
0
0
0
0
0
0
0
0
0
0
0
0
0
0
0
0
0
0
0
0
0
0
0
0
0
0
0
0
0
0
0
0
0
0
0
0
0
0
0
0
0
0
0
0
0
0
0
0
0
0
0
0
0
0
0
0
0

0
0
0
0
0
0
0
0
0
0
0
0
0
0
0
0
0
0
0
0
0
0
0
0
0
0
0
0
0
0
0
0
0
0
0
0
0
0
0
0
0
0
0
0
0
0
0
0
0
0
0
0
0
0
0
0
0
0
0
0
0
0
0
0
0
0
0
0
0
0
0
0
0
0
0
0

0.00
0.00
0.00
0.00
0.00
0.00
0.00
0.00
0.00
0.00
0.00
0.00
0.00
0.00
0.00
0.00
0.00
0.00
0.00
0.00
0.00
0.00
0.00
0.00
0.00
0.00
0.00
0.00
0.00
0.00
0.00
0.00
0.00
0.00
0.00
0.00
0.00
0.00
0.00
0.00
0.00
0.00
0.00
0.00
0.00
0.00
0.00
0.00
0.00
0.00
0.00
0.00
0.00
0.00
0.00
0.00
0.00
0.00
0.00
0.00
0.00
0.00
0.00
0.00
0.00
0.00
0.00
0.00
0.00
0.00
0.00
0.00
0.00
0.00
0.00
0.00

0.00
0.00
0.00
0.00
0.00
0.00
0.00
0.00
0.00
0.00
0.00
0.00
0.00
0.00
0.00
0.00
0.00
0.00
0.00
0.00
0.00
0.00
0.00
0.00
0.00
0.00
0.00
0.00
0.00
0.00
0.00
0.00
0.00
0.00
0.00
0.00
0.00
0.00
0.00
0.00
0.00
0.00
0.00
0.00
0.00
0.00
0.00
0.00
0.00
0.00
0.00
0.00
0.00
0.00
0.00
0.00
0.00
0.00
0.00
0.00
0.00
0.00
0.00
0.00
0.00
0.00
0.00
0.00
0.00
0.00
0.00
0.00
0.00
0.00
0.00
0.00

SHAWN
CAMISHA
TIMOTHY
TIFFANY
RASHAD
ANTONIO
SHARRON
BETH
SASHA
JERRY
JEREMY
BRANDALISE
JESSICA
JONATHON
BRIAN
ROGER

TERRY
KENNETH
JAMIE
GREG
DEREK
ANDREW
ANGEL 
ROXANNE
JUANTONIO
MARK
DORCAS
DYLAN
DONALD
CASSANDRA
STEPHANIE
AUDRIANNA
HEATHER
MARTELL
JOHN
ZACHARY
RIANNA
MEGAN
BRANDY
TERRY
JACK
LONNIE
ASHLEY
DARREN
RICHARD
LLOYD
ROBERT
ALYSON
JOERINA
DELISA
RICHARD
ROBERT
DANIEL   
KRISTOPHER
CHIVE
TIMOTHY
ANDREW
SHAKIA
JOSH 
CHRISTOPHER
DAVID
JOSEPH
BRANDON
STEVE
LONNIE
JOSEPH
BRANDEN
ZACHERY
WILLIAM

Week #1
12/24/18 - 12/30/18

 STOCK 3381 JL OVERTIME AFTERNOON SHIFT

12:33 AM
1/4/2019

228 3381
229 3381
230 3381
231 3381
232 3381
233 3381
234 3381
235 3381
236 3381
237 3381
238 3381
239 3381

2
2
2
2
2
2
2
2
2
2
2
2

07/23/18
07/23/18
07/23/18
07/23/18
07/23/18
07/23/18
07/23/18
07/23/18
07/23/18
07/23/18
07/23/18
07/23/18

61
CORRON
72 WRIGHT 
HARMON
76
81
BERMEJO
83
KELLEY
87 WISNIEWSKI
90
92
106
111
112
119 MONROE

FANN
STOWE
DAVIS
CAVANAUGH
PRITSCHER

MATTHEW
JEFF
CALEB
MATEO
JASON
NICHOLAS
DEWIGHT
JUSTIN
BENJAMIN
LEAHANN
ALEX
ROBERT

306
306
310
305
306
309
380
305
302
305
307
305

1666765
1666724
1666688
1668555
1625575
1666741
1668562
1666600
1625564
1498033
1622763
1666720

0
0
0
0
0
0
0
0
0
0
0
0

0
0
0
0
0
0
0
0
0
0
0
0

0
0
0
0
0
0
0
0
0
0
0
0

0
0
0
0
0
0
0
0
0
0
0
0

0
0
0
0
0
0
0
0
0
0
0
0

0
0
0
0
0
0
0
0
0
0
0
0

0
0
0
0
0
0
0
0
0
0
0
0

0.00
0.00
0.00
0.00
0.00
0.00
0.00
0.00
0.00
0.00
0.00
0.00

0.00
0.00
0.00
0.00
0.00
0.00
0.00
0.00
0.00
0.00
0.00
0.00

